11
156
-1 26 31 17 12 23 13 24 32 30 18
26 -1 37 21 15 17 21 31 14 19 31
31 37 -1 40 23 11 14 36 20 34 20
17 21 40 -1 35 24 10 14 32 34 27
12 15 23 35 -1 13 15 36 22 20 20
23 17 11 24 13 -1 34 36 32 35 33
13 21 14 10 15 34 -1 19 26 30 33
24 31 36 14 36 36 19 -1 26 22 11
32 14 20 32 22 32 26 26 -1 17 12
30 19 34 34 20 35 30 22 17 -1 36
18 31 20 27 20 33 33 11 12 36 -1
