13
174
-1 25 30 35 40 22 20 15 18 30 25 27 29
25 -1 20 15 10 30 18 22 12 14 28 20 30
30 20 -1 25 15 35 27 29 22 18 10 25 20
35 15 25 -1 10 18 20 30 15 22 35 28 30
40 10 15 10 -1 20 22 12 30 28 15 25 30
22 30 35 18 20 -1 30 28 20 15 25 27 10
20 18 27 20 22 30 -1 10 12 35 18 20 15
15 22 29 30 12 28 10 -1 20 25 30 15 18
18 12 22 15 30 20 12 20 -1 35 28 30 15
30 14 18 22 28 15 35 25 35 -1 20 20 18
25 28 10 35 15 25 18 30 28 20 -1 10 12
27 20 25 28 25 27 20 15 30 20 10 -1 22
29 30 20 30 30 10 15 18 15 18 12 22 -1