6
118
-1 29 20 21 16 31
29 -1 15 17 28 25
20 15 -1 18 22 26
21 17 18 -1 19 23
16 28 22 19 -1 27
31 25 26 23 27 -1