12
177
-1 20 18 30 25 35 30 32 20 15 28 40
20 -1 15 22 18 30 12 10 25 20 35 18
18 15 -1 30 28 22 20 25 18 22 20 30
30 22 30 -1 24 15 20 22 15 10 28 25
25 18 28 24 -1 20 12 10 30 15 35 20
35 30 22 15 20 -1 35 30 25 20 12 18
30 12 20 20 12 35 -1 15 25 18 20 22
32 10 25 22 10 30 15 -1 28 20 25 30
20 25 18 15 30 25 25 28 -1 35 30 22
15 20 22 10 15 20 18 20 35 -1 28 30
28 35 20 28 35 12 20 25 30 28 -1 20
40 18 30 25 20 18 22 30 22 30 20 -1